|           RA |          DEC |  Vmag |         Source | idx | source_x | source_y |     source_RA |       source_DEC | residual_aperture_sum |      instrmag |           alt |
| 245.43654496 | -10.18615938 |  8.27 | I/239/hip_main | 272 |  1001.45 |  786.464 | 245.463142621 |   -10.1836269536 |         2212.23710831 | 6.10435421491 |  24.329262775 |
| 245.84741595 |  -8.98244936 |  8.38 | I/239/hip_main | 380 |   1011.0 |  739.527 | 245.848986491 |   -8.99563434891 |         2007.14215365 | 5.99872036254 | 25.5100994886 |
| 246.40921977 | -10.08410869 |  8.09 | I/239/hip_main | 299 |  971.739 |  765.195 | 246.397505742 |   -10.0849830313 |         2714.51596557 | 6.32650603333 | 24.9531134901 |
| 246.87871302 | -10.14279097 |  8.58 | I/239/hip_main | 344 |  955.224 |   757.86 | 246.862442126 |    -10.131139683 |         2187.58295099 | 6.09218635759 | 25.1841909815 |
| 246.93107061 |  -7.59755617 |  5.24 | I/239/hip_main |  31 |  1000.67 |  672.838 | 246.926989717 |   -7.60433785106 |         31081.2672368 | 8.97352182608 |  27.263184538 |
| 246.95094563 |  -8.37170055 |  4.62 | I/239/hip_main |  20 |  985.573 |   698.03 | 246.944555719 |   -8.37334104976 |         63715.3169259 | 9.75288465169 | 26.6540769494 |
| 247.06692672 | -16.21212246 |  7.19 | I/239/hip_main | 110 |  833.593 |  955.668 | 247.073366026 |   -16.2016807964 |         4689.52517008 | 6.92009721049 | 20.3257404063 |
| 247.11738999 | -13.39964364 |  6.89 | I/239/hip_main | 146 |  885.339 |  861.643 | 247.110398308 |   -13.4031433846 |         6777.32529774 | 7.31992086099 | 22.6529159017 |
| 247.20411533 |  -8.12867261 |  6.49 | I/239/hip_main | 155 |  981.632 |  685.227 | 247.196025589 |   -8.13001250301 |         11881.9408503 | 7.92949349771 | 26.9974454763 |
| 247.44542879 | -14.55089750 |  5.66 | I/239/hip_main |  37 |  852.999 |  893.546 | 247.436825779 |   -14.5507110471 |         22111.7099781 |  8.6038308561 | 21.8876163806 |
| 247.45198461 | -11.12951989 |  6.90 | I/239/hip_main | 191 |  917.406 |  780.417 | 247.428468796 |   -11.1363786338 |         8178.90935616 | 7.52401352025 | 24.6884419321 |
| 247.60709903 | -10.44119715 |  7.47 | I/239/hip_main | 263 |  924.993 |  754.644 | 247.587376439 |   -10.4484249734 |         4023.17239345 | 6.75369663888 | 25.3404797615 |
| 247.62506733 |  -7.51445768 |  6.46 | I/239/hip_main | 103 |  978.842 |  657.062 | 247.617259172 |   -7.51835729495 |          11523.492378 | 7.89623532977 | 27.7375867177 |
| 247.78497886 | -16.61264015 |  4.29 | I/239/hip_main |  11 |  803.008 |   955.55 | 247.781641084 |   -16.6062232445 |         73601.4139596 | 9.90949042668 | 20.3695753186 |
| 247.82583658 |  -7.92077734 |  7.32 | I/239/hip_main | 220 |  964.718 |  666.918 | 247.810126209 |   -7.92413264384 |         4556.30277201 | 6.88880647196 | 27.5216531613 |
| 247.94981600 |  -7.02322941 |  7.41 | I/239/hip_main | 264 |  977.423 |  635.023 | 247.929482448 |   -7.02883244441 |         4698.60832542 | 6.92219814221 | 28.3156451508 |
| 248.00427187 |  -9.69609174 |  7.28 | I/239/hip_main | 245 |  925.815 |  722.517 | 247.980848701 |   -9.70053634076 |         5230.84737148 | 7.03870515285 | 26.1748518141 |
| 248.03374023 | -12.43162015 |  6.98 | I/239/hip_main | 182 |  873.685 |  812.442 | 248.013659549 |   -12.4378388933 |         6976.08842003 | 7.35130497383 | 23.9477082174 |
| 248.15898740 | -15.98720859 |  7.02 | I/239/hip_main | 119 |  802.834 |  927.866 |  248.14807745 |   -15.9879679749 |         5682.25764564 | 7.12857733669 | 21.0791850341 |
| 248.34757339 |  -4.26185658 |  7.24 | I/239/hip_main | 247 |  1014.92 |  535.622 | 248.345036066 |   -4.27106199094 |         5534.06397693 | 7.09988547133 | 30.7800016028 |
| 248.61784712 |  -6.13615439 |  7.75 | I/239/hip_main | 381 |  971.764 |   592.73 | 248.594406269 |   -6.12373038801 |         3680.98952824 | 6.65718648742 | 29.4362514797 |
| 249.25061236 |  -2.66269547 |  8.75 | I/239/hip_main | 470 |  1014.08 |  464.757 | 249.255959576 |   -2.64785444668 |         2810.87345426 | 6.36437826771 | 32.6243806341 |
| 249.61942262 | -18.22042658 |  6.73 | I/239/hip_main |  74 |  714.334 |  975.089 | 249.604102654 |   -18.2189095533 |         8595.79178568 | 7.57798975029 | 19.9641335801 |
| 249.64479268 | -18.82566791 |  6.97 | I/239/hip_main | 101 |  701.986 |  994.868 | 249.635677057 |   -18.8236761792 |         5206.35856427 | 7.03361021967 | 19.4684653978 |
| 249.81483978 |  -1.75797157 |  7.50 | I/239/hip_main | 390 |  1011.48 |  425.059 | 249.812673324 |   -1.76437818291 |         4527.15195448 | 6.88183771226 | 33.6649683081 |
| 249.85028037 |  -3.10576463 |  7.75 | I/239/hip_main | 413 |  985.817 |  469.568 | 249.833262215 |   -3.10133746229 |         4503.39191922 | 6.87612439302 | 32.6047056187 |
| 250.28429271 |  -2.85619761 |  7.21 | I/239/hip_main | 229 |  975.371 |  453.571 | 250.271425759 |   -2.85798874874 |         5574.65061908 | 7.10781916744 | 33.0599915949 |
| 250.29805122 |  -1.00028370 |  6.25 | I/239/hip_main |  86 |  1008.99 |  391.038 | 250.295132315 |   -1.01093987606 |         14448.6032293 | 8.14183969539 | 34.5570965234 |
| 250.34258818 | -13.39515554 |  8.83 | I/239/hip_main | 254 |  780.495 |  801.578 | 250.317330213 |   -13.4053965222 |         1596.82875578 | 5.75042089455 | 24.3896999279 |
| 250.47364200 | -19.92447879 |  5.55 | I/239/hip_main |  16 |  655.297 |  1016.02 | 250.469886867 |   -19.9092002546 |         27309.1157367 | 8.83304412754 | 18.9607105187 |
| 250.98625426 |  -2.63086640 |  8.32 | I/239/hip_main | 480 |  955.833 |  433.776 | 250.964987242 |   -2.63614104652 |         2987.20381866 | 6.43043717197 | 33.6473531605 |
| 251.07391400 |  -0.55669654 |  7.41 | I/239/hip_main | 372 |  990.298 |  362.111 | 251.079696425 |  -0.566921966427 |         4876.97053705 | 6.96265036233 | 35.3828535164 |
| 251.07549477 |  -0.56020084 | 10.39 | I/239/hip_main | 372 |  990.298 |  362.111 | 251.079696425 |  -0.566921966427 |         4876.97053705 | 6.96265036233 | 35.3828535164 |
| 251.37573793 | -19.13692789 |  6.60 | I/239/hip_main | 117 |  641.913 |  973.917 | 251.350036711 |   -19.1436485911 |         6984.11797993 | 7.35255395033 | 20.0456240461 |
| 251.65972683 |  -3.19563769 |  8.26 | I/239/hip_main | 478 |   922.86 |  439.634 | 251.645686827 |   -3.17280000066 |         2489.45876682 | 6.23253737603 | 33.6070591035 |
| 251.79066579 |   2.06456336 |  6.07 | I/239/hip_main |  84 |  1014.13 |  259.907 | 251.812017118 |    2.05181527552 |           14859.61842 | 8.17229417583 | 37.9139708302 |
| 252.05746997 |   1.09050361 |  7.18 | I/239/hip_main | 212 |  987.571 |  288.959 | 252.053375952 |    1.08097848108 |         5798.85541661 | 7.15063073397 | 37.2858618894 |
| 252.35676632 |   0.89063282 |  7.38 | I/239/hip_main | 242 |  973.135 |  290.341 | 252.364614321 |   0.880750761592 |         5363.82253737 | 7.06596103437 | 37.3114373444 |
| 252.85391115 |   1.21598136 |  5.51 | I/239/hip_main |  26 |  962.269 |  270.909 | 252.853873852 |    1.19944236724 |          28538.996043 | 8.88087176065 | 37.8586740461 |
| 253.24674087 |  -0.02281504 |  6.65 | I/239/hip_main | 113 |  926.844 |  306.175 | 253.226399412 | -0.0284974871139 |         11190.5219709 | 7.86440089312 | 37.0848989983 |
| 253.34942010 |   1.34832051 |  7.57 | I/239/hip_main | 269 |  947.664 |  257.576 | 253.353220892 |    1.33471756162 |         4497.94270927 | 6.87480983123 | 38.2633614523 |
| 253.35523754 | -20.41548861 |  5.86 | I/239/hip_main |  25 |  556.137 |  981.461 | 253.333941929 |   -20.4232062256 |         17188.9107025 | 8.33039592103 | 19.8828846223 |
| 253.37140163 |  -1.13042584 |  7.84 | I/239/hip_main | 386 |  902.529 |  340.843 | 253.353390166 |   -1.12083267901 |         2799.18165555 | 6.35985274085 | 36.2677084113 |
| 253.43795652 |  -4.32123776 |  7.57 | I/239/hip_main | 211 |  841.739 |  445.442 | 253.448951965 |   -4.30221428401 |         6279.94756925 | 7.23716507718 | 33.6974891992 |
| 253.88558952 | -21.56949817 |  6.62 | I/239/hip_main |  55 |  518.318 |  1011.29 | 253.866863603 |   -21.5753600898 |         9062.75463424 | 7.63542558759 | 19.1212455881 |
| 254.02330843 |   1.42071363 |  7.70 | I/239/hip_main | 305 |  926.724 |  243.285 | 254.010538333 |    1.41805980804 |         4251.48950815 | 6.81362781167 | 38.7171631723 |
| 256.32011831 |   0.70337361 |  6.00 | I/239/hip_main |  42 |  835.903 |  227.417 | 256.307377196 |   0.715930456585 |         21323.2477356 | 8.56440841406 | 39.4563115202 |
| 256.34765958 |   3.43860791 |  7.31 | I/239/hip_main | 260 |  883.683 |  133.772 | 256.350868169 |    3.41973647828 |         5248.45761789 | 7.04235426891 | 41.7055822728 |
| 256.37628120 | -22.07271990 |  7.05 | I/239/hip_main | 109 |  431.927 |  985.249 | 256.359053511 |   -22.0734131513 |         6395.25590015 | 7.25691985014 | 19.7737027001 |
| 256.54919394 | -21.56440204 |  6.29 | I/239/hip_main |  33 |  435.707 |  965.351 | 256.528022178 |   -21.5767369103 |         12581.6157612 | 7.99161607709 | 20.2870993806 |
| 256.65075202 |   0.65220817 |  8.31 | I/239/hip_main | 395 |  823.506 |  223.105 | 256.649366482 |   0.669006685243 |         2904.13793046 | 6.39981813027 | 39.6080330117 |
| 256.86251776 | -19.28710389 |  7.60 | I/239/hip_main | 243 |  466.631 |  882.274 | 256.851979792 |   -19.2927878435 |          4484.2338815 |  6.8714956719 | 22.4554938111 |
| 257.24791624 |   3.75956385 |  7.84 | I/239/hip_main | 341 |  859.192 |  107.408 | 257.238994625 |     3.7357872053 |         4338.48566314 |  6.8356204491 | 42.4737476229 |
| 258.13076624 | -10.27810899 |  7.57 | I/239/hip_main | 266 |  583.908 |  562.146 | 258.103649238 |   -10.2794699331 |         5182.98678243 |  7.0287252858 | 30.9813874905 |
| 258.40566842 |  -9.28381368 |  7.54 | I/239/hip_main | 373 |  592.137 |  524.394 | 258.382176674 |   -9.27491049463 |         4678.99744365 | 6.91765705231 | 31.9941248083 |
| 258.82184902 |  -7.20167034 |  8.07 | I/239/hip_main | 460 |  614.198 |  448.084 |  258.80967734 |   -7.17766781167 |         2927.84065706 | 6.40864362568 | 34.0337071501 |
| 258.92116506 |  -9.80876827 |  6.93 | I/239/hip_main | 143 |  566.323 |  533.262 | 258.895160615 |   -9.80760700887 |         7979.05672602 | 7.49715391412 | 31.7681423049 |
| 259.05939112 |   2.18624365 |  6.17 | I/239/hip_main |  67 |  769.759 |  129.501 | 259.050607354 |    2.19276279561 |         17901.2853014 | 8.37448556797 | 42.1994433367 |
| 259.09973879 | -21.85754888 |  7.53 | I/239/hip_main | 171 |  351.071 |  932.867 | 259.079726445 |   -21.8678924675 |         3740.98839086 | 6.67474093373 |  21.078712339 |
| 259.13216019 |   1.21058377 |  5.89 | I/239/hip_main |  48 |  750.216 |  161.335 | 259.120913968 |    1.23002719625 |         22911.5886121 | 8.64241303938 | 41.4256522228 |
| 259.34708315 |  -7.86917984 |  8.32 | I/239/hip_main | 456 |  585.619 |  461.659 | 259.328077338 |   -7.85511145548 |         2523.94791958 | 6.24747600555 | 33.6888311308 |
| 259.40409024 |   1.74252057 |  6.86 | I/239/hip_main | 167 |  750.269 |  138.643 | 259.395685932 |    1.75368875454 |         9095.82979141 | 7.63938084473 | 42.0150936462 |
| 259.52063420 |   3.14698060 |  6.87 | I/239/hip_main | 185 |  771.197 |   88.767 | 259.510664707 |     3.1404281619 |         8909.83500109 | 7.61694918633 | 43.2448827459 |
| 259.66167858 | -12.60955679 |  8.07 | I/239/hip_main | 311 |  493.442 |  612.481 |  259.66962895 |   -12.6055563857 |          2341.4068803 | 6.16596725804 | 29.6416431347 |
| 259.66839022 | -10.21926338 |  7.81 | I/239/hip_main | 382 |  534.776 |  534.204 | 259.649250572 |   -10.2208257997 |         3553.43464067 |  6.6188958619 |  31.751576663 |
| 259.94370698 |   2.13948284 |  6.43 | I/239/hip_main | 104 |  739.038 |  115.717 | 259.936696826 |    2.14830293816 |         11834.2414812 | 7.92512609986 |  42.637354852 |
| 260.00060781 |  -8.02260932 |  7.93 | I/239/hip_main | 428 |  561.625 |   455.72 | 259.981647706 |   -8.00878539149 |         3342.28440744 | 6.55238353968 | 33.8608176624 |
| 260.01064109 | -16.68214570 |  8.61 | I/239/hip_main | 412 |  411.908 |   742.68 | 260.021377787 |   -16.7041263718 |         1601.02354601 | 5.75326933019 | 26.1201020709 |
| 260.20681480 | -12.84688200 |  4.32 | I/239/hip_main |   5 |  472.145 |  612.506 | 260.191490603 |   -12.8685339708 |         88041.7382543 | 10.1039965537 |  29.636050314 |
| 260.21916423 | -10.69635486 |  6.46 | I/239/hip_main |  98 |  508.748 |  540.912 |  260.19863813 |   -10.7027829336 |         11527.0112804 | 7.89656682793 | 31.5720735932 |
| 260.29839470 | -12.05703683 |  7.68 | I/239/hip_main | 293 |  482.819 |  583.333 | 260.298221943 |   -12.0388688818 |          3742.7770622 | 6.67525993056 | 30.4245808013 |
| 260.67582288 |  -6.33093079 |  8.16 | I/239/hip_main | 476 |   568.12 |  387.936 | 260.666688236 |   -6.30682984643 |         2680.02847228 | 6.31262355238 | 35.6824539514 |
| 260.99114582 |  -9.35825947 |  7.84 | I/239/hip_main | 433 |   506.28 |  483.261 |  260.97977423 |   -9.34954587483 |         3606.55733453 | 6.63500713425 |  33.127185886 |
| 261.01461543 | -23.84430270 |  6.67 | I/239/hip_main |  90 |  256.286 |  969.995 | 260.995611612 |   -23.8271936829 |         8566.14094065 | 7.57423807168 | 20.0333876621 |
| 261.17516721 | -21.44141348 |  5.82 | I/239/hip_main |  63 |   293.28 |  885.306 | 261.156987737 |   -21.4594888382 |         20511.5800891 | 8.52227282527 | 22.2582046305 |
| 261.35303822 | -16.71240925 | 11.30 | I/239/hip_main | 440 |  369.102 |  720.621 | 261.366902737 |   -16.6998567111 |         976.838611223 |  5.2168320763 | 26.6745407755 |
| 261.35969159 |  -8.82852536 |  7.23 | I/239/hip_main | 196 |   503.02 |  458.949 | 261.361069905 |   -8.80570557843 |         5222.50069092 | 7.03697129779 | 33.7825489698 |
| 261.43987888 |   2.11430212 |  7.54 | I/239/hip_main | 278 |  687.305 |  90.9654 | 261.448206988 |     2.1075661488 |         5169.62835802 | 7.02592334003 | 43.3931800056 |
| 261.57224565 | -10.99299713 |  7.78 | I/239/hip_main | 355 |  459.551 |  528.034 | 261.560839179 |    -10.996985193 |         3828.45665048 |  6.6998343674 | 31.9075677589 |
| 261.63152482 |   0.82212088 |  6.86 | I/239/hip_main | 201 |  659.319 |   131.38 | 261.621501052 |   0.845527088872 |         8063.82139307 | 7.50862728239 | 42.3950239892 |
| 261.67745039 | -21.46936003 |  7.24 | I/239/hip_main | 172 |  277.201 |  877.851 | 261.659405747 |   -21.4748041645 |         6279.48223809 | 7.23708462339 | 22.4334887459 |
| 261.75884919 | -12.51233441 |  6.20 | I/239/hip_main |  61 |  427.387 |  575.565 | 261.755265884 |   -12.5304216322 |         15229.5630947 | 8.19899364373 | 30.6091480262 |
| 261.94984299 | -12.18670807 |  8.09 | I/239/hip_main | 347 |    427.2 |  561.428 | 261.936547274 |    -12.193271629 |         2600.27766496 |  6.2798243466 | 30.9897129656 |
| 262.00994813 |  -8.20805870 |  6.37 | I/239/hip_main |  87 |  492.109 |  427.865 | 262.010061435 |   -8.19254637757 |         12994.8985907 |  8.0267072693 | 34.6186229187 |
| 262.31930890 |  -9.99066231 |  7.62 | I/239/hip_main | 391 |  451.774 |  482.038 | 262.321846001 |   -9.98584269688 |         4153.30310523 | 6.78825909948 | 33.1440784296 |
| 262.62208658 | -10.09618656 |  8.14 | I/239/hip_main | 452 |   440.28 |  480.752 | 262.618003336 |   -10.0945102527 |         2810.32801566 | 6.36416756456 | 33.1722174558 |
| 262.82423954 | -10.97130087 |  7.45 | I/239/hip_main | 338 |  419.075 |  506.588 | 262.816788541 |   -10.9731566962 |         4880.86307626 | 6.96351659373 | 32.4613089416 |
| 262.83893822 |   2.72446012 |  5.57 | I/239/hip_main |  32 |  651.412 |  45.6016 | 262.831260837 |    2.72280904854 |         29784.0925884 | 8.92723596573 |  44.625916443 |
| 262.87848859 |   1.67233263 |  7.18 | I/239/hip_main | 276 |  632.058 |   81.157 | 262.863931015 |    1.68100936504 |         5570.12541475 | 7.10693746674 | 43.7391215785 |
| 263.21132896 | -13.48206386 |  7.25 | I/239/hip_main | 187 |  363.656 |   584.14 |  263.21672107 |   -13.5053227215 |         5942.80351124 | 7.17725346072 | 30.3221242434 |
| 263.50995401 | -23.03127983 |  7.36 | I/239/hip_main | 154 |  192.254 |  903.142 | 263.488231522 |   -23.0270340225 |         5533.11102458 |  7.0996984941 | 21.6627109871 |
| 263.69312162 | -11.24200693 |  5.54 | I/239/hip_main |  30 |  385.555 |  501.247 | 263.702724086 |   -11.2486692641 |         28296.8359492 | 8.87161972499 | 32.5747732148 |
| 263.71964154 |  -1.60518169 |  7.95 | I/239/hip_main | 393 |  547.137 |  178.233 | 263.716073484 |    -1.5857714294 |         3242.60857151 | 6.51951134847 | 41.2776399123 |
| 263.82708859 | -22.04380131 |  6.47 | I/239/hip_main | 108 |  199.377 |   863.82 | 263.808537926 |   -22.0396229432 |         10935.2646093 |  7.8393482737 | 22.6889928035 |
| 263.96013048 |   0.99661675 |  7.55 | I/239/hip_main | 304 |  583.479 |   85.108 | 263.961144263 |    1.01496681712 |         5089.76633717 | 7.00901964514 | 43.6895123946 |
| 264.46133236 |  -8.11872126 |  4.58 | I/239/hip_main |  12 |  412.446 |  383.838 | 264.478854538 |   -8.09929716253 |         70021.4270658 | 9.85535242657 | 35.7581889854 |
| 264.50485500 |  -9.02997771 |  7.97 | I/239/hip_main | 464 |  395.945 |  413.643 | 264.518383185 |    -9.0143271194 |         3208.00178764 | 6.50786153657 | 34.9416116748 |
| 264.53963734 | -10.92624683 |  5.74 | I/239/hip_main |  41 |  362.983 |   476.78 | 264.554179916 |   -10.9296083935 |         24390.9398125 | 8.71034636884 | 33.2069400624 |
| 264.68695573 | -21.91262453 |  6.19 | I/239/hip_main |  82 |  174.061 |  846.194 | 264.672638516 |   -21.9132994192 |         14197.8290158 |  8.1228298867 |  23.103132468 |
| 264.76880446 |   2.05423488 |  7.74 | I/239/hip_main |  68 |  573.715 |  35.7365 | 264.770932546 |    2.03336045938 |          18310.626404 | 8.39903303679 | 44.9702515982 |
| 264.78532668 |   2.02810485 |  6.25 | I/239/hip_main |  68 |  573.715 |  35.7365 | 264.770932546 |    2.03336045938 |          18310.626404 | 8.39903303679 | 44.9702515982 |
| 264.86717997 | -11.26696424 |  7.92 | I/239/hip_main | 443 |  346.593 |  482.674 | 264.883057463 |     -11.26701407 |         2962.00721953 | 6.42124031434 | 33.0270306108 |
| 264.99042618 |  -0.63921294 |  6.51 | I/239/hip_main | 138 |  520.908 |  123.288 | 264.988966443 |  -0.614283267187 |          11895.388902 | 7.93072164556 | 42.7236677671 |
| 265.35381884 | -12.87517268 |  4.24 | I/239/hip_main |  18 |  303.714 |  529.049 | 265.369603452 |   -12.8917678758 |         92080.5026384 | 10.1526942358 | 31.7180841129 |
| 265.66761325 | -15.55921921 |  7.01 | I/239/hip_main | 149 |  249.078 |  614.178 | 265.677685097 |   -15.5749294225 |         7011.15988432 | 7.35674970999 |  29.347176465 |
| 265.85772897 | -21.68308566 |  4.86 | I/239/hip_main |  54 |  140.692 |  820.289 | 265.841016678 |   -21.6778442489 |         46415.7957818 |  9.4089395342 | 23.7119446212 |
| 266.09985237 | -22.19490506 |  6.58 | I/239/hip_main | 136 |    124.4 |  834.187 | 266.079393948 |   -22.1788356064 |         9474.56592683 | 7.68367333772 | 23.3198482122 |
| 266.14490139 |  -7.40810129 |  8.01 | I/239/hip_main | 457 |  368.311 |  332.282 |  266.16386425 |   -7.38940470298 |         2866.05421842 | 6.38548603722 | 37.0875058931 |
| 266.60368388 |   1.04434999 |  6.64 | I/239/hip_main | 192 |  495.118 |  38.1548 | 266.588635038 |    1.04922376374 |          9848.2791527 | 7.72567590831 | 44.9270568104 |
| 266.65141760 | -16.00359940 |  8.19 | I/239/hip_main | 300 |  209.217 |  613.859 | 266.668359856 |   -16.0244852781 |         2756.12324335 | 6.34302161669 | 29.2762340288 |
| 266.86287595 | -18.10710767 |  7.45 | I/239/hip_main | 343 |  167.578 |  682.278 | 266.869240825 |   -18.1275157086 |         4690.40457672 | 6.92030079488 | 27.3763223791 |
| 266.88083430 | -20.83731102 |  7.19 | I/239/hip_main | 217 |  121.995 |  775.898 | 266.862045097 |   -20.8427457105 |         5674.57673664 | 7.12710871577 | 24.8250770999 |
| 266.90330267 | -14.72578118 |  5.93 | I/239/hip_main |  50 |  222.158 |  566.691 | 266.919795505 |   -14.7449561831 |         19792.8874971 | 8.48354792286 | 30.5577957318 |
| 267.08008199 |  -1.80825699 |  7.74 | I/239/hip_main | 439 |  430.184 |  127.297 | 267.089446762 |   -1.78808655905 |          3190.0364987 | 6.50176416265 | 42.5792318283 |
| 267.10649374 | -16.82715790 |  8.35 | I/239/hip_main | 248 |  181.108 |  634.532 | 267.113767833 |   -16.8373110314 |         2150.06336773 | 6.07340318214 | 28.6669048907 |
| 267.15356845 |  -2.19619517 |  7.79 | I/239/hip_main | 402 |  421.594 |  139.218 | 267.154812844 |   -2.16940953008 |          3809.2746709 |  6.6943807549 | 42.2594224531 |
| 267.39840757 | -20.00667876 |  7.59 | I/239/hip_main | 298 |  119.009 |  738.923 | 267.390348222 |   -20.0049149329 |         4585.81853575 | 6.89581719597 | 25.7812050771 |
| 267.48129659 | -12.60924043 |  8.04 | I/239/hip_main | 455 |  237.747 |  485.845 | 267.506604675 |   -12.6199609461 |         2149.14366366 | 6.07293865181 | 32.7460464153 |
| 267.90226397 |  -6.86325633 |  7.96 | I/239/hip_main | 385 |  318.965 |  285.133 | 267.905542633 |   -6.84497838899 |         3251.49522501 | 6.52248283392 | 38.2607483861 |
| 267.95211800 | -19.52501274 |  6.80 | I/239/hip_main | 244 |  108.933 |  714.189 | 267.943103529 |    -19.529854399 |         8329.59518103 | 7.54383477046 | 26.4027344941 |
| 267.99769952 |  -1.23681150 |  6.33 | I/239/hip_main | 129 |  409.066 |  92.2208 | 267.991700412 |   -1.22016181463 |         12891.4523177 | 8.01802964903 | 43.4685406748 |
| 268.00300423 |   1.09922864 |  7.22 | I/239/hip_main |  93 |  448.017 |  11.4557 | 267.998149803 |    1.10470069042 |         16730.9504667 | 8.30107656614 | 45.5865227728 |
| 268.01758725 | -15.02614692 |  8.22 | I/239/hip_main | 346 |  181.134 |  559.612 | 268.014489224 |   -15.0415473814 |         2401.87422042 | 6.19365068464 | 30.6516697381 |
| 268.02169196 |   1.11119731 |  6.55 | I/239/hip_main |  93 |  448.017 |  11.4557 | 267.998149803 |    1.10470069042 |         16730.9504667 | 8.30107656614 | 45.5865227728 |
| 268.15443631 |  -5.26202187 |  6.82 | I/239/hip_main | 130 |   335.74 |  227.084 | 268.178292607 |   -5.26286495054 |         9652.73316137 | 7.70390078449 |  39.827300978 |
| 268.19843483 |  -3.56389615 |  7.53 | I/239/hip_main | 313 |  363.155 |  168.345 | 268.203695589 |   -3.54777142578 |         4879.14408239 | 6.96313414035 | 41.4189335413 |
| 268.24451692 |  -7.91890043 |  7.64 | I/239/hip_main | 277 |   289.78 |  315.194 | 268.255873738 |   -7.90797004154 |         4928.27160214 |  6.9740116181 | 37.4041915573 |
| 268.26463725 | -10.89948880 |  6.17 | I/239/hip_main |  62 |  239.893 |  415.339 | 268.288589499 |   -10.8965760704 |         15792.2896521 |  8.2383877849 |  34.629317584 |
| 268.27096593 | -13.65017624 |  7.14 | I/239/hip_main | 222 |  195.194 |    508.6 | 268.276566289 |   -13.6556105227 |           5905.069283 |  7.1703375262 | 32.0404142564 |
| 268.39524541 |  -8.70836010 |  8.12 | I/239/hip_main | 394 |  271.484 |  339.629 | 268.411261689 |   -8.70833843497 |         2773.26412346 | 6.34975311604 | 36.7153520391 |
| 268.44624162 | -19.88723967 |  7.22 | I/239/hip_main | 333 |  86.7066 |  719.157 | 268.437507664 |   -19.8868769642 |         5063.38729643 | 7.00337790168 | 26.2177375998 |
| 268.51539348 |  -1.61926406 |  6.72 | I/239/hip_main | 174 |  385.162 |  96.4554 | 268.506394165 |   -1.60175123903 |          9917.5909042 | 7.73329050724 | 43.3265608468 |
| 268.53149727 | -11.33753175 |  6.51 | I/239/hip_main | 105 |  223.751 |  425.831 | 268.556936822 |   -11.3355681343 |         11167.4277668 | 7.86215791264 | 34.3112860878 |
| 268.62425104 |  -3.46210471 |  7.32 | I/239/hip_main | 286 |  350.668 |  157.493 | 268.624022608 |   -3.43974868582 |         5722.99857655 | 7.13633412724 | 41.6814578517 |
| 268.73215670 | -11.63191983 |  6.96 | I/239/hip_main | 170 |  212.338 |   432.64 |  268.75404421 |   -11.6307132563 |         7540.47989073 | 7.43577249775 | 34.1017646925 |
| 268.97900684 | -18.80210517 |  6.48 | I/239/hip_main |  96 |  87.3477 |  673.616 | 268.968734588 |   -18.8011263721 |         10380.9361981 | 7.78286633715 | 27.4071181738 |
| 269.07933864 | -15.81236072 |  5.93 | I/239/hip_main |  43 |  132.669 |  569.351 |  269.08986593 |   -15.8172162437 |         19226.5579871 | 8.45202888781 | 30.2684368133 |
| 269.19895085 |  -4.08180189 |  5.44 | I/239/hip_main |  38 |  320.757 |  168.865 | 269.202254187 |   -4.06065616435 |         31119.0480773 | 8.97484079146 | 41.3263214103 |
| 269.26792871 |   0.06668731 |  5.95 | I/239/hip_main |  51 |  387.694 |  25.7673 | 269.246748701 |  0.0646757278101 |          19857.912185 | 8.48710899712 | 45.1500768365 |
| 269.27934953 | -13.65321820 |  7.54 | I/239/hip_main | 383 |  161.275 |  492.876 |  269.29020812 |   -13.6609653213 |         4406.09708183 | 6.85241018741 | 32.3684965994 |
| 269.67563665 | -16.85746494 |  7.32 | I/239/hip_main | 179 |  96.1501 |  596.448 | 269.667450863 |   -16.8667443316 |          4843.9233112 |  6.9552681795 | 29.4527552264 |
| 269.69108546 |  -5.42480610 |  7.54 | I/239/hip_main | 331 |  281.709 |    206.3 | 269.701614012 |   -5.40487354641 |         4525.54903235 | 6.88145321914 | 40.2585532716 |
| 269.75665662 |  -9.77334973 |  3.32 | I/239/hip_main |   2 |  208.278 |  353.163 | 269.775130557 |   -9.76568549337 |          210373.56886 | 11.0497529689 | 36.1978459017 |
| 269.75824532 |  -6.64434905 |  7.77 | I/239/hip_main | 410 |  258.896 |  247.406 | 269.775817361 |    -6.6486354623 |         2635.36712944 | 6.29437784437 | 39.1227478933 |
| 269.90318648 |  -4.82091169 |  5.86 | I/239/hip_main |  66 |  284.618 |  182.263 | 269.905338389 |   -4.80155627608 |         20585.6801378 | 8.52618808348 | 40.8945147884 |
| 270.05340091 | -16.06667642 |  7.63 | I/239/hip_main | 283 |  96.5076 |  563.067 |  270.05071645 |   -16.0640186305 |         4238.36938256 | 6.81027204171 | 30.3304342093 |
| 270.08538993 | -14.20800972 |  7.96 | I/239/hip_main | 432 |  125.721 |  498.822 | 270.086878293 |   -14.2010935987 |         2410.16056339 | 6.19738997243 |  32.109056834 |
| 270.11183748 | -12.98809347 |  7.45 | I/239/hip_main | 374 |  144.057 |  457.223 | 270.124105874 |   -12.9966468936 |         4236.80524294 | 6.80987128465 | 33.2616357285 |
| 270.12050178 |  -3.69016112 |  4.62 | I/239/hip_main |  13 |  295.788 |  139.994 | 270.118567394 |   -3.67417536993 |          66074.897923 | 9.79236628471 | 42.0226017402 |
| 270.34634319 | -17.15685222 |  6.27 | I/239/hip_main |  79 |  68.8442 |  596.254 | 270.340602151 |   -17.1572731006 |         13535.1898832 | 8.07093591453 | 29.3769401646 |
| 270.46783583 | -19.10613785 |  7.48 | I/239/hip_main | 161 |  33.3737 |  661.509 | 270.448295975 |   -19.0872434138 |         3994.88672009 |  6.7460362047 | 27.5684551687 |
| 270.59265874 | -12.31836845 |  7.66 | I/239/hip_main | 459 |  138.805 |  426.092 | 270.610135367 |   -12.3069850818 |         3269.42120242 | 6.52845221934 | 34.0669045532 |
| 270.61894061 |  -3.15732448 |  6.75 | I/239/hip_main | 166 |  287.657 |  113.439 | 270.607262087 |   -3.14667849174 |         8936.24205771 | 7.62016234273 |  42.690609252 |
| 270.69278801 |  -5.35804644 |  6.74 | I/239/hip_main | 150 |   248.93 |  187.492 | 270.689906771 |   -5.34191655933 |         9217.12422082 |   7.653763634 | 40.6649197033 |
| 270.77046145 |  -8.18025785 |  4.77 | I/239/hip_main |  29 |  199.923 |  282.544 | 270.780873036 |   -8.16976521703 |         57660.5659917 | 9.64447228521 | 38.0347494746 |
| 271.08912656 | -17.35345324 |  7.51 | I/239/hip_main | 274 |  41.3379 |   591.71 | 271.067803854 |   -17.3424622555 |         4310.50883655 | 6.82859638186 | 29.4094524804 |
| 271.38038812 | -11.02010470 |  7.36 | I/239/hip_main | 256 |  133.457 |  369.541 | 271.383645161 |   -11.0087034418 |         5403.16865983 | 7.07389634314 | 35.5378341388 |
| 271.49515510 | -14.19805188 |  7.92 | I/239/hip_main | 447 |  77.9478 |  476.143 | 271.507313756 |   -14.1820693549 |         3352.19453841 | 6.55559806794 | 32.5528101131 |
| 271.53083743 |  -8.32391503 |  5.84 | I/239/hip_main |  58 |   171.94 |  274.946 | 271.531675403 |   -8.30871343949 |         20196.6216958 | 8.50547185941 | 38.1457347492 |
| 271.56297335 |  -4.75117796 |  5.74 | I/239/hip_main |  49 |  229.114 |  152.164 | 271.550452995 |   -4.73825520186 |         22507.0763923 | 8.62307274502 |  41.524882852 |
| 271.64264947 | -14.97292600 |  7.93 | I/239/hip_main | 427 |  61.0615 |  501.472 | 271.626639405 |   -14.9727493405 |         3786.94592238 | 6.68799779111 |  31.832132882 |
| 271.73258879 |  -3.23368132 |  7.03 | I/239/hip_main | 259 |  248.344 |  97.2569 | 271.706690176 |    -3.2274568306 |         6482.57459254 | 7.27164383935 | 42.9992295871 |
| 272.03605126 |  -7.11988870 |  7.52 | I/239/hip_main | 340 |  174.304 |   225.48 | 272.027230171 |    -7.1039396189 |         4150.50840053 | 6.78752827552 | 39.4443409084 |
| 272.07267705 | -10.55062403 |  7.84 | I/239/hip_main | 358 |  117.559 |  342.462 | 272.068503132 |   -10.5377085623 |         3981.92869247 | 6.74250872879 |  36.193150479 |
| 272.11980333 | -16.41665449 |  7.65 | I/239/hip_main | 337 |  21.0053 |  544.083 | 272.111456066 |   -16.4204826204 |         3725.86883451 | 6.67034393734 | 30.5815754311 |
| 272.40257763 |  -5.65349804 |  7.43 | I/239/hip_main | 294 |  185.716 |  169.317 | 272.378904195 |   -5.64358908613 |         5070.31438425 | 7.00486225389 | 40.9400230243 |
| 272.43071298 | -13.93442721 |  6.38 | I/239/hip_main |  89 |  51.1164 |  453.248 |  272.41401526 |   -13.9243763759 |         12375.6331629 | 7.97369360145 | 33.0572349549 |
| 272.43904268 | -11.72467096 |  7.32 | I/239/hip_main | 239 |  86.3538 |  377.429 | 272.421291148 |   -11.7221009422 |         4934.22432165 | 6.97532225669 | 35.1664890178 |
| 272.86223249 |  -5.20499574 |  6.74 | I/239/hip_main | 175 |  176.981 |  146.154 | 272.836657342 |   -5.19843797687 |         9026.34422111 |   7.631054761 | 41.5067112816 |
| 272.86697441 | -11.30938684 |  7.39 | I/239/hip_main | 408 |  78.3553 |  355.903 | 272.851889178 |   -11.2948362689 |         4674.36616856 | 6.91658185762 | 35.6984292947 |
| 272.98125225 |  -5.62399909 |  7.22 | I/239/hip_main | 268 |  165.899 |  158.531 | 272.960425826 |   -5.61664797674 |         6103.14990633 | 7.20616012573 | 41.1479517218 |
| 273.00574571 |  -8.73091738 |  7.26 | I/239/hip_main | 241 |  114.972 |  265.172 | 272.987788516 |   -8.72070076719 |         5637.95043596 | 7.12007816654 | 38.1986929226 |
