|           RA |          DEC |  Vmag |         Source | idx | source_x | source_y | source_peak |     source_RA |    source_DEC |    source_fwhm | residual_aperture_sum | residual_aperture_sum_err |      instrmag |     instrmag_err |           alt |
| 149.59545794 |  72.87959798 |  5.86 | I/239/hip_main |  69 |  910.244 |  724.939 |     9893.91 | 149.624751298 | 72.8746771267 |  1.13217562515 |         18338.4757904 |             357.124880293 | 8.40068312322 |   0.021129372994 | 26.4974670867 |
| 154.50896089 |  65.10837358 |  5.74 | I/239/hip_main |  55 |   706.76 |  948.047 |     12797.2 | 154.525196871 | 65.1214669574 |  1.23854070506 |         23463.1727627 |             385.149303063 |  8.6682418785 |  0.0178103361404 | 21.0332435617 |
| 155.26428436 |  68.74773415 |  5.88 | I/239/hip_main |  40 |  770.995 |  825.101 |     16998.4 | 155.245621002 | 68.7458614399 |  1.03517741001 |         22584.9082223 |             372.396210825 | 8.62682085769 |  0.0178902603795 | 24.1462889315 |
| 156.03274518 |  65.56647366 |  4.94 | I/239/hip_main |  12 |  695.857 |  920.048 |     33134.0 | 156.028131167 | 65.5726872789 |  1.09555407379 |         50372.6067435 |             417.491639161 | 9.49776109713 | 0.00899255483831 | 21.7644374624 |
| 158.77328496 |  75.71298403 |  4.86 | I/239/hip_main |  14 |  884.907 |  584.599 |     25610.5 | 158.718562471 | 75.7145498047 | 0.923725389675 |          53840.607224 |             399.060601714 | 9.57004990576 | 0.00804189951013 |  30.239042087 |
| 160.45127204 |  68.44355985 |  5.74 | I/239/hip_main |  34 |  705.904 |   793.07 |     18144.9 | 160.382748246 | 68.4394438679 |  1.01855087423 |         24682.3069991 |              376.19790732 | 8.72323940696 |   0.016537138504 | 25.0675500677 |
| 160.48659345 |  65.71646212 |  5.12 | I/239/hip_main |  29 |  642.169 |   874.68 |     14833.0 | 160.452709188 | 65.6998189268 |  1.22245256783 |         35863.3372602 |             397.469343972 | 9.12890178339 |  0.0120249332928 | 22.9842027002 |
| 163.80467356 |  77.08755348 |  6.81 | I/239/hip_main |  61 |  881.052 |  516.018 |      8789.5 | 163.790038174 | 77.0917589269 | 0.576968422892 |         10736.8195217 |             337.607298583 | 7.81946416499 |   0.034116613232 | 32.0568510723 |
| 164.98757809 |  77.77022483 |  6.18 | I/239/hip_main |  41 |  890.848 |  490.089 |     13628.5 |  164.96277413 | 77.7791542414 | 0.764157173277 |         19580.6258929 |             350.131580799 |  8.4718414572 |  0.0194014617941 | 32.7117427176 |
| 165.93265365 |  61.75111888 |  1.81 | I/239/hip_main |   3 |  475.518 |  929.454 |     62170.8 | 165.919573658 | 61.7424577771 |  1.56086559085 |          295613.50505 |             653.659589815 | 11.4190857096 | 0.00239914835701 | 21.5965925291 |
| 172.96282894 |  81.12717398 |  6.12 | I/239/hip_main |  58 |   941.92 |  361.359 |     9699.44 | 173.035096792 | 81.1106971613 | 0.776774414345 |         19702.6545987 |             344.330541206 | 8.47858689233 |  0.0189618426967 |  35.913163234 |
| 174.01089937 |  69.32325973 |  5.19 | I/239/hip_main |  18 |  596.018 |  642.032 |     36450.3 | 173.952460351 |  69.310284274 | 0.279568139108 |         42457.0406383 |             392.479871804 | 9.31214933121 |  0.0100299185837 |  29.176590101 |
| 174.42630265 |  77.59569368 |  6.49 | I/239/hip_main |  64 |  832.927 |  440.242 |     8444.48 | 174.403625157 | 77.6126323965 |  0.74098486151 |          13503.046486 |             340.649434567 | 8.06835443946 |  0.0273719443155 | 34.1912729575 |
| 180.07851186 |  80.85327729 |  6.21 | I/239/hip_main |  59 |  907.822 |  334.325 |     8345.31 | 180.112447117 | 80.8453638356 | 0.797912059114 |         16927.7787773 |             339.823891275 | 8.31377496942 |  0.0217812937471 | 36.7424036637 |
| 181.31141141 |  76.90595813 |  5.78 | I/239/hip_main |  48 |  777.913 |   409.96 |     12798.9 | 181.273982655 | 76.9198691264 | 0.773547518687 |         15161.8873947 |             345.553806001 | 8.19415819969 |  0.0247281799258 | 35.1313361041 |
| 182.44619077 |  74.66136609 |  6.34 | I/239/hip_main |  36 |  700.975 |  446.045 |     13932.8 | 182.436528594 | 74.6811824849 | 0.744681960187 |         16295.4259768 |             346.752275013 | 8.27243932699 |  0.0230878418843 | 34.3195920652 |
| 182.75037388 |  81.70983674 |  6.00 | I/239/hip_main |  54 |   926.82 |  303.886 |     9720.03 | 182.771363873 | 81.6837573326 | 0.803151292691 |         17460.7627049 |             339.469057293 | 8.34743305811 |  0.0210943779139 | 37.4643748323 |
| 183.04963833 |  77.61619242 |  5.14 | I/239/hip_main |   6 |  792.951 |  383.078 |     40090.3 | 183.065950188 | 77.6342125239 | 0.789001858016 |         48950.1839553 |             391.108885762 | 9.46666085308 | 0.00866908164103 | 35.8083101207 |
| 183.78555700 |  70.20007671 |  5.72 | I/239/hip_main |  39 |  550.014 |  519.984 |     17623.7 | 183.761694954 |  70.192369736 | 0.926552278796 |         21073.4150914 |             359.196557078 |  8.5516123368 |  0.0184938351349 | 32.4755839911 |
| 183.85603795 |  57.03259792 |  3.32 | I/239/hip_main |   2 |  121.849 |  770.791 |     62283.3 | 183.842058151 | 57.0409156803 |  1.55529388831 |         195709.381195 |             566.656189441 | 10.9713041419 | 0.00314150482614 | 25.3138041812 |
| 183.92295178 |  72.55125754 |  6.29 | I/239/hip_main |  57 |  625.007 |  473.935 |     10593.2 |  183.89920692 |  72.556152735 | 0.882588254527 |         13332.9899155 |             344.396585636 | 8.05459390909 |   0.028025994003 | 33.6681541458 |
| 184.03401116 |  80.12194720 |  7.80 | I/239/hip_main |  62 |  870.907 |  328.148 |     8262.02 | 184.082639196 | 80.1229640933 | 0.765574555569 |         12095.0891187 |             333.212673617 | 7.94879771419 |  0.0298911192242 | 37.0303582722 |
| 184.04857398 |  80.12509703 |  7.22 | I/239/hip_main |  62 |  870.907 |  328.148 |     8262.02 | 184.082639196 | 80.1229640933 | 0.765574555569 |         12095.0891187 |             333.212673617 | 7.94879771419 |  0.0298911192242 | 37.0303582722 |
| 184.70860512 |  75.16055020 |  5.47 | I/239/hip_main |  28 |   705.84 |  417.839 |     15648.8 | 184.677767159 | 75.1779862672 | 0.774411216575 |         27970.3046566 |             361.414680841 | 8.85901802451 |  0.0140196874337 | 35.0653874129 |
| 187.48916244 |  58.40552660 |  5.37 | I/239/hip_main |  17 |  132.304 |  680.993 |     12944.3 | 187.477574451 |  58.393345479 |  1.45233240672 |         32975.5102551 |             390.028321306 | 9.03775384362 |  0.0128331821204 | 27.6795613764 |
| 187.52817199 |  69.20126087 |  5.01 | I/239/hip_main |  33 |  493.952 |  495.262 |     24780.0 | 187.535638617 | 69.1910235958 | 0.991679821173 |         43824.5279706 |             388.800248909 | 9.34656815015 | 0.00962584857387 | 33.1445661622 |
| 188.37101041 |  69.78820992 |  3.85 | I/239/hip_main |  10 |   508.67 |  475.686 |     49217.5 | 188.372897034 | 69.7810302924 |  1.08368762083 |         132067.225965 |             488.669055747 | 10.5442626718 | 0.00401466693658 | 33.6729038927 |
| 188.68360523 |  70.02177318 |  4.95 | I/239/hip_main |  26 |  514.737 |  468.119 |     25927.9 | 188.696103046 | 70.0170933543 |  1.04062633566 |         51170.6807229 |             397.131655596 | 9.51482801858 | 0.00842060023892 | 33.8766063588 |
| 194.69709590 |  75.47247502 |  6.00 | I/239/hip_main |  38 |  676.076 |  326.719 |     10114.1 | 194.741164689 | 75.4796591838 | 0.920894447092 |         18808.1416983 |             346.516613692 | 8.42813975265 |  0.0199897752732 | 37.5430487402 |
| 198.10606335 |  80.47128181 |  6.25 | I/239/hip_main |  49 |   846.98 |  241.053 |     9988.85 | 198.101074465 | 80.4506976712 | 0.820765954949 |         14147.1908482 |             333.979040474 | 8.11895056322 |  0.0256140786396 | 39.3835086838 |
| 201.53343022 |  72.39149824 |  5.82 | I/239/hip_main |  44 |  544.976 |  292.515 |     8743.97 | 201.604639145 | 72.3889541805 |  1.02728564836 |         20482.5776803 |             352.124015556 | 8.52073655902 |  0.0186526599748 | 38.5773466352 |
| 201.73841524 |  78.64379561 |  5.74 | I/239/hip_main |  23 |  773.808 |  235.073 |     15206.9 | 201.759111865 | 78.6434859389 | 0.927564470768 |          24838.582643 |             350.038242387 | 8.73009205799 |  0.0152903850614 | 39.7581975538 |
| 202.11324210 |  59.94570301 |  5.40 | I/239/hip_main |  32 |  87.1394 |  395.364 |     8475.92 | 202.097989505 | 59.9413103645 |   1.7245590598 |         32909.5660094 |              374.52207666 | 9.03558042035 |  0.0123476697645 | 35.0322637784 |
| 204.29605970 |  71.24226650 |  5.50 | I/239/hip_main |  24 |  495.895 |  270.262 |     14332.5 | 204.363143932 | 71.2342790959 |  1.13525209343 |         29582.3106351 |             361.199886021 |  8.9198552654 |  0.0132478453481 | 39.1725680911 |
| 205.66409991 |  78.06432575 |  5.91 | I/239/hip_main |  37 |  746.071 |  210.092 |     12778.4 | 205.688792888 | 78.0532859085 |  1.03922100752 |         20672.9692706 |              343.42368584 | 8.53078218021 |  0.0180242467475 | 40.4823379368 |
| 207.85807331 |  64.72328281 |  4.58 | I/239/hip_main |  16 |   245.37 |  262.052 |     19078.5 |  207.86408441 | 64.7025473964 |  1.62301928982 |         67940.6088941 |             411.896512036 | 9.82259861943 | 0.00657791743161 | 39.0291993412 |
| 211.09760837 |  64.37580873 |  3.67 | I/239/hip_main |   4 |  225.994 |  211.176 |     55860.0 |  211.07656761 | 64.3662957361 |  1.55892824072 |         168994.063091 |             519.382807373 | 10.8119536519 | 0.00333461623262 | 40.3048393578 |
| 212.21253759 |  77.54743312 |  4.80 | I/239/hip_main |  11 |  720.989 |  160.151 |     37886.4 | 212.207853292 | 77.5317412004 |  1.08030839665 |         61421.3262225 |              397.30630266 | 9.71307300649 | 0.00701836584942 | 41.8440060154 |
| 213.01688963 |  69.43266873 |  5.18 | I/239/hip_main |  31 |  414.548 |  169.013 |     10419.7 | 213.033080554 | 69.4163239295 |  1.47908693502 |         37563.8369035 |             370.271161633 | 9.17919989812 |  0.0106949727048 | 41.7942203038 |
| 216.88134383 |  75.69593921 |  4.25 | I/239/hip_main |  13 |  650.138 |  120.678 |     31567.9 |  216.85290469 | 75.6777508935 |  1.42722104331 |         96907.7634322 |             440.543062543 | 10.2081714587 | 0.00493241414238 |  43.005290959 |
