|           RA |          DEC |  Vmag |         Source | idx | source_x | source_y | source_peak |      source_RA |    source_DEC |    source_fwhm | residual_aperture_sum | residual_aperture_sum_err |      instrmag |     instrmag_err |           alt |
|   0.12908900 |  59.55973786 |  6.18 | I/239/hip_main | 160 |  644.795 |  991.839 |     8225.46 | 0.127638525398 | 59.5665354868 |  1.16348622874 |         15785.4433863 |              374.88812708 |   8.237916995 |  0.0257676397126 | 44.8607609701 |
|   0.40424537 |  61.22280406 |  5.58 | I/239/hip_main |  87 |  580.982 |  994.594 |     15106.1 | 0.410321054916 | 61.2350835248 |  1.12954898241 |         29502.7441429 |             395.234984707 |  8.9169310649 |  0.0145352566639 | 44.8855336847 |
|   0.65034249 |  66.09896341 |  5.87 | I/239/hip_main |  79 |   395.14 |  990.048 |     16087.7 |  0.64656199118 | 66.1126479833 |  1.17068809664 |         30989.8161467 |             394.550769048 | 8.97032253179 |  0.0138138149123 | 45.0014603675 |
|   0.66015960 |  66.10037725 |  7.20 | I/239/hip_main |  79 |   395.14 |  990.048 |     16087.7 |  0.64656199118 | 66.1126479833 |  1.17068809664 |         30989.8161467 |             394.550769048 | 8.97032253179 |  0.0138138149123 | 45.0014603675 |
|   0.85715406 |  63.64052431 |  6.24 | I/239/hip_main | 148 |  488.909 |   998.19 |     8722.64 | 0.854304871828 | 63.6448699162 |  1.22074078849 |         18027.9689436 |             380.017900755 | 8.38214203564 |  0.0228710967724 | 44.8450424219 |
|   0.96511407 |  66.71220273 |  6.31 | I/239/hip_main | 184 |  371.924 |  993.762 |     7225.79 | 0.959077896664 | 66.7135986167 |  1.15352621492 |         13328.7979876 |               372.3212652 | 8.05425249703 |  0.0303079522338 | 44.8775003639 |
|   1.05693212 |  62.28766460 |  5.90 | I/239/hip_main | 166 |  540.005 |  1004.47 |     7905.13 |  1.05441746119 | 62.2978811635 |  1.17728702671 |          24034.030112 |             388.326187477 | 8.69434153492 |    0.01753072254 | 44.6682999493 |
|   1.17432297 |  67.16638761 |  5.68 | I/239/hip_main |  95 |  354.101 |   995.88 |     14263.4 |  1.16088072652 | 67.1749662287 |  1.12192283974 |          25016.491705 |             387.005590183 | 8.73784104372 |  0.0167849701029 | 44.7969458395 |
|   1.27555231 |  61.31396468 |  5.80 | I/239/hip_main | 145 |  576.929 |  1010.44 |     8812.25 |  1.26394278761 | 61.3240613432 |  1.19904106138 |         24197.5231746 |             387.046632482 | 8.70170231869 |  0.0173549000537 | 44.4851862986 |
|   1.61052855 |  64.19616859 |  5.57 | I/239/hip_main |  63 |  466.951 |  1009.87 |     17944.9 |  1.60606260019 | 64.2021765807 |  1.10937019632 |         28556.7731119 |             393.697605258 | 8.88154786006 |  0.0149583393064 | 44.5438290298 |
| 307.39511383 |  62.99413722 |  4.21 | I/239/hip_main |  13 |  197.291 |  167.251 |     31580.0 |  307.427127228 | 62.9873861806 |  1.48985351553 |         108034.977762 |             479.690409985 | 10.3261859997 | 0.00481755173757 | 65.7082804523 |
| 311.32195263 |  61.83679404 |  3.41 | I/239/hip_main |   6 |  276.394 |  188.843 |     46390.4 |  311.309277194 |  61.837390106 |  1.75497607673 |         223130.954665 |             587.935645072 | 11.1136745914 |  0.0028589048788 | 65.7080695779 |
| 311.33831928 |  57.58029799 |  4.52 | I/239/hip_main |  25 |  399.026 |  83.5022 |     16724.8 |  311.352685449 | 57.5704033704 |  1.43534929626 |         85369.2979846 |             455.239828482 | 10.0705293078 | 0.00578586477298 | 68.9680441712 |
| 314.85555250 |  59.43855678 |  5.54 | I/239/hip_main |  74 |  388.219 |  182.322 |     10587.9 |   314.82234217 | 59.4273188779 |  1.45385659858 |         32906.6471738 |             394.544557817 | 9.03548411929 |  0.0130089474923 | 66.3736470654 |
| 315.53748512 |  56.66961137 |  5.83 | I/239/hip_main |  89 |  479.869 |  129.979 |     9371.94 |  315.529070467 | 56.6544666237 |  1.47918918392 |         25362.1821649 |             383.853311859 | 8.75274157643 |  0.0164213331747 |  67.898799225 |
| 315.94827016 |  53.28582252 |  5.93 | I/239/hip_main | 111 |  588.103 |  60.3801 |     8792.13 |  315.962753896 | 53.2849126464 |  1.24208160749 |         22592.0421066 |             378.599023827 | 8.62716375453 |  0.0181825059866 | 69.5610841175 |
| 316.59746974 |  71.43207905 |  5.88 | I/239/hip_main | 100 |  43.2778 |  477.994 |     7287.11 |  316.621688335 | 71.4255970943 |  1.47447064608 |         23424.2091182 |              383.06431531 | 8.66643737385 |  0.0177433859138 | 56.6726555688 |
| 317.56480272 |  53.56310952 |  5.75 | I/239/hip_main | 136 |  600.895 |  96.5033 |     7292.37 |   317.57101764 | 53.5507256275 |  1.27868893017 |         27946.8737844 |             387.120527164 | 8.85810811637 |  0.0150294367525 | 68.5927928597 |
| 319.30929003 |  55.79796866 |  6.00 | I/239/hip_main | 116 |  552.115 |  175.958 |     8184.19 |   319.28427881 | 55.7793607395 |   1.4210764043 |         20305.3876519 |             377.703189666 | 8.51130324517 |  0.0201822278803 | 66.6482956842 |
| 319.64408982 |  62.58545529 |  2.45 | I/239/hip_main |   0 |  342.879 |  322.602 |     63224.9 |  319.588949454 | 62.5902334267 |   1.9359132437 |         346729.500724 |             687.241440405 | 11.5922520181 | 0.00215054375611 | 62.5353859205 |
| 319.84255444 |  64.87184231 |  5.19 | I/239/hip_main |  32 |  273.088 |   372.72 |     16783.7 |  319.786830027 | 64.8842601822 |  1.57585076501 |         57557.2884378 |             424.951210856 | 9.64252584713 | 0.00801066339805 | 60.9169401926 |
| 321.68731183 |  52.89852489 |  6.01 | I/239/hip_main |  66 |  672.835 |  161.241 |     10795.8 |  321.681566155 | 52.8767234967 |  1.13696237789 |         19358.0855133 |             380.792226105 | 8.45943104252 |  0.0213429972215 | 66.6215204056 |
| 322.16489595 |  70.56069481 |  3.23 | I/239/hip_main |   2 |  109.853 |  516.165 |     63216.5 |  322.150946558 | 70.5724631733 |  1.75735539378 |         260912.607678 |              620.12955743 | 11.2835126959 | 0.00257879669289 | 56.2153802676 |
| 322.21967477 |  55.41866782 |  6.14 | I/239/hip_main | 121 |   597.17 |  220.889 |     8055.22 |  322.193325453 | 55.3966858375 |  1.31900437853 |         18756.1138205 |             376.440192497 | 8.42513218144 |  0.0217762385518 | 65.3668273857 |
| 322.58462074 |  52.95795802 |  6.02 | I/239/hip_main |  82 |  681.108 |  179.976 |     10091.4 |  322.569764978 | 52.9396781197 |  1.27086707826 |         22320.6169753 |             382.514670824 | 8.61404051997 |  0.0185939491863 | 66.0967377614 |
| 322.74705697 |  60.45944015 |  5.53 | I/239/hip_main |  33 |  440.063 |  327.129 |     16267.5 |  322.694854549 | 60.4529160076 |  1.27414675483 |         31324.0152416 |              396.11410088 | 8.98196859905 |  0.0137205845464 | 62.6533050824 |
| 322.86443046 |  52.61985967 |  6.17 | I/239/hip_main |  99 |  695.641 |  179.089 |     7400.33 |  322.861266318 | 52.5981166694 |  1.26577340744 |         17307.7393772 |             376.214499929 | 8.33787589976 |   0.023584404845 | 66.0412034979 |
| 323.23574046 |  49.97760064 |  5.77 | I/239/hip_main |  40 |  786.901 |  136.077 |     15014.8 |  323.251022311 | 49.9812124001 |  1.15931943627 |         24397.2485393 |             387.886198606 | 8.71062715866 |  0.0172501634686 |  66.500044147 |
| 324.48011167 |  62.08194667 |  4.76 | I/239/hip_main |  70 |  403.024 |  384.623 |     26036.7 |  324.430395568 | 62.0870385084 |  1.29649404105 |         69629.4527285 |             439.630799951 | 9.84925748686 | 0.00685054096011 | 61.0551039777 |
| 325.47948373 |  71.31118695 |  4.55 | I/239/hip_main |  22 |  105.884 |  565.974 |     23601.9 |  325.480806977 | 71.3249852886 |  1.63137596483 |         77198.2796219 |             447.916473088 | 9.96129408779 | 0.00629533942571 | 54.9174119192 |
| 325.52358201 |  51.18962710 |  4.69 | I/239/hip_main |  21 |  772.971 |  206.893 |     37031.0 |  325.525423191 | 51.1767692529 |  1.24205184746 |         70040.8198216 |             440.487486204 | 9.85565308457 | 0.00682357693341 |  64.833558751 |
| 325.66170056 |  49.60026484 |  6.10 | I/239/hip_main |  81 |  827.989 |  181.153 |     10623.5 |  325.665432968 | 49.6026507353 |  1.13997590258 |         22003.0625114 |             381.132993221 | 8.59848286403 |  0.0187941700129 | 65.0376809832 |
| 325.68905006 |  59.27084085 |  6.10 | I/239/hip_main | 174 |  506.041 |  353.452 |     8340.26 |  325.646678751 | 59.2587962187 |  1.15628947863 |         19072.0694573 |             377.463843601 | 8.44326958175 |   0.021473719526 | 61.9810507549 |
| 325.76719016 |  72.32018258 |  5.18 | I/239/hip_main |  83 |  73.5941 |  587.153 |      8845.4 |  325.765748197 | 72.3243853931 |  1.59818134659 |          42670.932552 |              409.49905308 | 9.31760536815 |  0.0104123919028 | 54.1577594377 |
| 325.87689561 |  58.78005308 |  4.23 | I/239/hip_main |   9 |  524.013 |  348.077 |     63215.7 |  325.841144468 | 58.7652788874 |  1.29804178479 |         123498.352198 |              499.36936443 | 10.4714279399 | 0.00438723068579 | 62.1155913929 |
| 326.22201408 |  62.46057429 |  5.94 | I/239/hip_main | 153 |  405.071 |  418.096 |     11703.2 |  326.180230345 | 62.4700253597 |  1.24415494265 |         19647.2964942 |             382.823398642 | 8.47553203019 |  0.0211409945205 | 60.1633697322 |
| 326.36220534 |  61.12081043 |  4.25 | I/239/hip_main |  27 |  450.744 |  397.017 |     47818.7 |  326.325730277 | 61.1198586979 |   1.1872874764 |         101579.972098 |             475.115820432 | 10.2592952555 |  0.0050748258197 | 60.7944349345 |
| 326.69835794 |  49.30957480 |  4.23 | I/239/hip_main |   5 |  849.827 |  198.949 |     53495.7 |  326.712803147 | 49.3099917633 |  1.16901705332 |         102715.848868 |             476.332565188 | 10.2713686815 | 0.00503155879961 | 64.4052180612 |
| 326.85544759 |  60.69269363 |  5.53 | I/239/hip_main | 128 |  469.025 |   397.59 |     13206.2 |    326.8181892 | 60.6908174124 |  1.18152704585 |         32110.1225107 |             394.463176853 | 9.00887993889 |  0.0133288979742 | 60.7926756643 |
| 327.32921360 |  61.27281592 |  6.18 | I/239/hip_main | 190 |  453.625 |  415.101 |      7020.9 |  327.294970909 | 61.2738009074 |  1.14420001253 |         16144.5991295 |             375.721109553 |  8.2623431974 |  0.0252503887272 | 60.3115681125 |
| 328.00185977 |  55.79193672 |  6.56 | I/239/hip_main |  41 |  643.246 |  335.643 |     14925.7 |  327.984645347 | 55.7691988799 |  1.13679841203 |         38800.5562224 |             402.638158701 |  9.2143699111 |  0.0112591788552 | 62.1900884256 |
| 329.16310055 |  63.62556651 |  5.11 | I/239/hip_main | 101 |  388.311 |  482.196 |     18984.2 |  329.137263569 | 63.6444475419 |  1.20490214617 |         45673.0157065 |             413.634063922 |  9.3914242531 | 0.00982621691197 | 58.4113974561 |
| 329.29621747 |  66.15615419 |  6.41 | I/239/hip_main |  92 |  303.721 |  524.708 |     7473.37 |  329.303203368 |  66.179381051 |  1.65278178757 |         25643.7694643 |             388.473157227 |  8.7647296924 |  0.0164364827947 | 57.0309231502 |
| 329.72294977 |  62.69795151 |  5.96 | I/239/hip_main | 165 |  423.836 |  476.158 |     10174.6 |  329.702629284 | 62.7107706099 |  1.11840928159 |         21026.8702054 |             381.634548058 | 8.54921161727 |  0.0196925876556 | 58.6367022063 |
| 329.81293227 |  73.18028413 |  5.04 | I/239/hip_main |  68 |  64.7568 |  642.652 |     9297.34 |   329.82979875 | 73.1772782034 |   1.7630100524 |          47310.946627 |             413.827842095 | 9.42967912695 | 0.00949047188199 | 52.6932586815 |
| 330.51906636 |  58.00037041 |  5.55 | I/239/hip_main |  85 |  589.978 |  417.218 |     23821.7 |  330.503112003 | 57.9847247963 |  1.02480825727 |         40138.2438921 |             406.062778188 | 9.25117095136 |  0.0109765169477 | 60.1675564129 |
| 330.97054172 |  63.11977885 |  5.26 | I/239/hip_main |  77 |  418.062 |  502.069 |     23859.8 |  330.960344881 | 63.1383762018 |  1.14970628805 |         38898.8839228 |             405.591896946 |  9.2171178846 |   0.011313106285 | 57.9320088739 |
| 331.25199883 |  62.78552941 |  5.27 | I/239/hip_main | 150 |  431.481 |   501.39 |     11812.7 |  331.239527027 | 62.8002683613 |  1.13861948364 |          42418.791336 |             409.325649131 | 9.31117075688 |  0.0104698487467 | 57.9685723551 |
| 331.28663039 |  62.27982101 |  5.07 | I/239/hip_main |  93 |  449.058 |   494.46 |     22407.5 |  331.274087138 | 62.2921961858 |  1.12387068088 |         49946.7565584 |             420.011171476 |  9.4885432607 | 0.00912395823977 | 58.1735744294 |
| 331.79021802 |  58.84077239 |  6.34 | I/239/hip_main | 182 |  571.049 |  452.585 |     7349.52 |  331.782940917 | 58.8293338283 |  1.11080595291 |         13860.6724163 |             374.420098036 |  8.0967357813 |  0.0293092423058 | 59.2549285379 |
| 332.45152906 |  72.34119936 |  4.79 | I/239/hip_main |  15 |  106.025 |  657.026 |     24916.2 |  332.460578166 | 72.3517265676 |  1.42663082723 |         60823.0070146 |             433.161583334 | 9.70244475083 | 0.00772701549933 |  52.593644997 |
| 332.71359131 |  58.20124992 |  3.39 | I/239/hip_main |   1 |  600.136 |  460.227 |     63201.6 |  332.718516204 | 58.1853058113 |  1.15408657565 |         134330.328704 |             508.658665421 | 10.5627102262 | 0.00410848880746 | 58.9927995856 |
| 332.79073322 |  50.82328938 |  5.38 | I/239/hip_main | 115 |  858.508 |  357.723 |     11748.6 |  332.799184108 | 50.8031651315 |   1.2142234744 |         33605.2570744 |             401.508461435 | 9.05829308759 |  0.0129633491478 | 60.3628023693 |
| 332.87743467 |  59.41451451 |  5.05 | I/239/hip_main |  53 |   559.12 |  480.068 |     35131.1 |  332.877311108 | 59.4080126332 | 0.974266135765 |         49555.6865836 |             419.852291523 | 9.48000877645 |   0.009192481584 | 58.5345348192 |
| 332.95214631 |  56.83904211 |  5.24 | I/239/hip_main | 108 |  649.159 |   445.68 |     18448.8 |  332.959401829 | 56.8191888275 |   1.0369159169 |         41736.4123532 |             408.622325822 | 9.29356281887 |  0.0106227439907 |  59.245192388 |
| 333.00839287 |  60.75907189 |  5.37 | I/239/hip_main | 118 |  513.415 |  501.065 |     17070.1 |  333.011674441 | 60.7606970526 |  1.06949045071 |         37404.1151743 |             402.040833294 | 9.17457349652 |  0.0116622008592 | 58.0104022191 |
| 333.09352250 |  63.29107190 |  5.76 | I/239/hip_main | 156 |  425.972 |  537.558 |     10906.3 |  333.098088363 | 63.3108959485 |  1.09686782791 |         19051.9295186 |              390.76482506 | 8.44212244802 |  0.0222539052947 | 56.9891917852 |
| 333.45714350 |  63.16235674 |  6.13 | I/239/hip_main | 189 |  432.796 |  541.466 |     7091.29 |  333.465090631 | 63.1789991341 |  1.12174112733 |         20523.3124165 |             382.206044949 | 8.52289367315 |  0.0202059760312 | 56.8924528872 |
| 333.75699582 |  57.04346522 |  4.18 | I/239/hip_main |  18 |  648.096 |  463.885 |     63195.8 |  333.774139971 | 57.0246936817 |  1.02316266189 |         98546.9860652 |             473.934593054 | 10.2263833987 | 0.00521800872859 | 58.7632375415 |
| 334.11046921 |  57.22022542 |  5.88 | I/239/hip_main | 159 |  644.699 |  472.894 |     10553.7 |  334.130299635 | 57.1964174414 |  1.07420236765 |         23875.8132375 |             385.367282576 | 8.68717046521 |  0.0175124297311 | 58.5336487652 |
| 334.36795272 |  49.12693540 |  6.46 | I/239/hip_main | 143 |  932.815 |  370.003 |     8405.41 |  334.377596659 | 49.1222079559 |  1.05620511888 |         12742.6381467 |             370.995242551 | 8.00542340902 |  0.0315892073159 | 59.4252993089 |
| 334.55247853 |  62.80436392 |  5.75 | I/239/hip_main | 113 |  451.934 |  554.106 |     17626.2 |  334.569723285 | 62.8198498266 |  1.03913567329 |         27590.2509863 |             389.772500752 | 8.84416416062 |  0.0153279926132 | 56.5708195907 |
| 335.16155598 |  58.40985302 |  6.46 | I/239/hip_main | 162 |  610.032 |   507.99 |     10443.0 |  335.182506071 | 58.3976534268 | 0.621253412481 |         13166.0164495 |             369.899353411 | 8.04091101592 |   0.030483084993 | 57.6896669591 |
| 336.12914880 |  49.47640074 |  4.55 | I/239/hip_main |  19 |  934.972 |  415.293 |     44194.5 |  336.130203336 |  49.470997959 |  1.01329306791 |         82328.2405922 |             454.370130658 | 10.0311471184 | 0.00598812252294 | 58.2814263892 |
| 337.28845910 |  58.40408865 |  6.31 | I/239/hip_main |  45 |   623.69 |  547.368 |     43197.1 |  337.321213624 | 58.3963973596 |  1.06795595216 |         124559.619152 |             501.860157514 | 10.4807182117 | 0.00437154733299 | 56.6015228029 |
| 337.29269975 |  58.41518990 |  4.07 | I/239/hip_main |  45 |   623.69 |  547.368 |     43197.1 |  337.321213624 | 58.3963973596 |  1.06795595216 |         124559.619152 |             501.860157514 | 10.4807182117 | 0.00437154733299 | 56.6015228029 |
| 337.38259473 |  47.70689488 |  4.34 | I/239/hip_main |  69 |  1009.59 |   423.62 |     27906.0 |  337.385484394 | 47.7266457267 |  1.22416644911 |         90258.8421173 |              461.94256635 | 10.1309994272 | 0.00555300370282 | 57.3890553758 |
| 337.47278057 |  52.41655771 |  6.51 | I/239/hip_main | 158 |  839.211 |  481.081 |     7504.54 |  337.478478934 |  52.390767372 |  1.09630210344 |          15792.256413 |             376.055185288 | 8.23838549967 |  0.0258367053679 | 57.3515171532 |
| 337.82239898 |  50.28244976 |  3.76 | I/239/hip_main |   3 |  918.965 |  464.362 |     63205.2 |  337.832831822 | 50.2718977244 |  1.06760091716 |         134775.632343 |             509.592285383 | 10.5663034779 | 0.00410243023926 | 57.1872886355 |
| 338.47134180 |  61.77809380 |  6.55 | I/239/hip_main | 176 |  510.045 |  606.251 |     8173.25 |  338.507603326 | 61.7890374613 | 0.966624236994 |         14031.2575685 |             371.772980356 | 8.11001652488 |  0.0287482203015 |  55.180202187 |
| 338.94073618 |  73.64312707 |  5.08 | I/239/hip_main |  51 |  82.8533 |  741.727 |     11614.1 |   338.95945546 | 73.6357183605 |  1.60739456026 |         44356.0818884 |             410.604751829 | 9.35965797397 |  0.0100438572743 | 50.3019883591 |
| 339.34360749 |  51.54537399 |  4.64 | I/239/hip_main |  10 |  883.951 |  513.029 |     57137.2 |  339.359754613 | 51.5226796066 |  0.94319029831 |           72197.37139 |             443.850353855 | 9.88857849696 | 0.00667029317911 | 56.2216236885 |
| 340.26149486 |  51.75848301 |  6.77 | I/239/hip_main | 152 |  882.009 |  536.009 |      7639.7 |   340.28086254 | 51.7411475387 | 0.993283317533 |         10269.6519551 |             367.101648738 | 7.77116434587 |  0.0387846920831 | 55.6488811037 |
| 342.54204508 |  50.67691966 |  6.23 | I/239/hip_main | 130 |  935.922 |   577.94 |     11127.1 |  342.558827151 | 50.6698710674 |  1.00652151268 |         15838.1120896 |             373.755888529 |  8.2415335631 |  0.0256043862273 | 54.1930952889 |
| 344.10832784 |  49.73355094 |  4.99 | I/239/hip_main |  46 |  979.924 |  606.866 |     30153.8 |  344.114129168 | 49.7420338416 |  1.04648190504 |         48234.6388263 |             414.454383831 | 9.45067260987 | 0.00932282312875 | 53.1301149499 |
| 344.79319251 |  52.65445283 |  6.31 | I/239/hip_main | 149 |  874.311 |  646.014 |     8087.17 |  344.820076531 | 52.6426586953 |   1.0872795008 |         14912.3216282 |             373.128160997 |  8.1761381874 |   0.027148291512 | 52.8837430182 |
| 346.04513231 |  50.05168397 |  4.64 | I/239/hip_main |  28 |  977.888 |  655.878 |     42547.8 |    346.0497665 | 50.0639182887 |  1.04204223487 |         67098.3896214 |             437.839610695 | 9.80905527531 | 0.00707999074618 | 51.9237323634 |
| 346.79188553 |  52.81656940 |  6.12 | I/239/hip_main |  80 |  877.109 |  692.104 |     12380.7 |  346.813027495 | 52.8117606724 |  1.02728049975 |         18854.4966441 |              379.05374982 | 8.43081238901 |  0.0218130097195 | 51.6867369187 |
| 348.55976495 |  50.61790845 |  6.32 | I/239/hip_main | 127 |  967.073 |  719.793 |     7599.06 |  348.555979291 | 50.6404562447 |  1.13074186248 |         14745.6628076 |             370.871786604 | 8.16393577895 |  0.0272891014609 | 50.4056385914 |
| 348.90711543 |  70.88808538 |  5.55 | I/239/hip_main |  43 |  208.761 |  832.944 |     12023.5 |  348.938709232 | 70.8981877012 |  1.41357981079 |         33592.1365628 |             398.275066296 | 9.05786910047 |    0.01286397625 | 48.5860845256 |
| 349.17580980 |  53.21404995 |  5.58 | I/239/hip_main |  48 |  871.115 |  748.214 |     16822.4 |  349.193144768 | 53.2139699415 |  1.06845280637 |         30156.4569687 |              393.62538682 | 8.94072582169 |  0.0141622586879 | 50.2875016372 |
| 351.81840911 |  70.35979323 |  5.60 | I/239/hip_main |  84 |  232.197 |  867.482 |     7671.66 |  351.848626728 | 70.3734802038 |  1.33489549541 |         29125.9885344 |             391.909180784 | 8.90297671806 |  0.0145993829754 | 47.7836727805 |
| 353.74596038 |  71.64204906 |  5.86 | I/239/hip_main |  76 |  184.962 |   894.83 |     8913.88 |  353.736660323 | 71.6357931224 |  1.29146069579 |         20020.5791201 |             381.306945961 |  8.4959666221 |  0.0206646388142 | 46.9117680977 |
| 355.47731287 |  57.25996583 |  6.24 | I/239/hip_main | 104 |  731.109 |  898.151 |     9927.19 |  355.501239541 | 57.2693567622 |  1.12011705999 |         18856.4876622 |             381.010796493 | 8.43092703574 |  0.0219233147551 | 47.0452850806 |
| 356.65302168 |  66.78225128 |  5.95 | I/239/hip_main | 129 |  370.987 |  928.227 |     11376.3 |  356.688182896 | 66.7915984154 |  1.21235941904 |         21806.8547543 |             384.195439365 | 8.58875760988 |  0.0191156430584 | 46.5588625188 |
| 356.75797734 |  57.45137702 |  5.55 | I/239/hip_main |  39 |  724.962 |  924.925 |     20610.2 |   356.77902427 | 57.4598186988 |  1.04799714123 |         29253.6119638 |             392.446949852 | 8.90772377344 |  0.0145556364499 | 46.3772664999 |
| 356.76411116 |  58.65185164 |  4.88 | I/239/hip_main |  29 |  679.092 |  925.929 |     33096.1 |  356.798787491 | 58.6636144427 |  1.08136098216 |         54372.1781063 |             424.294631279 | 9.58071685963 | 0.00846682422833 | 46.4758165253 |
| 356.97811533 |  67.80681263 |  5.05 | I/239/hip_main |  24 |  332.016 |  933.407 |     17908.4 |   357.00362183 | 67.8150646602 |  1.29761131324 |         49665.5056676 |             417.491989052 | 9.48241218648 | 0.00912059188833 | 46.3571024162 |
| 357.20906201 |  62.21451996 |  5.43 | I/239/hip_main |  55 |  544.024 |  935.923 |     22750.9 |  357.257701893 | 62.2278486279 |  1.09078894934 |         33401.7691782 |             401.485033689 | 9.05169870883 |  0.0130415625361 | 46.4294443913 |
| 358.59598888 |  57.49939052 |  4.51 | I/239/hip_main |   7 |  723.835 |  962.854 |     39736.1 |  358.596213441 | 57.5082137586 |  1.06138023813 |          63749.433036 |             441.764258936 | 9.75346584919 | 0.00751872131435 | 45.4123008792 |
| 358.89101310 |  57.41216874 |  6.03 | I/239/hip_main |  56 |  726.951 |  968.932 |     13893.1 |  358.883501791 | 57.4275987332 |  1.05608159743 |         8828.24229954 |             383.775593785 | 7.60696064322 |  0.0471664126481 | 45.2487862177 |
| 359.33132507 |  61.02621011 |  6.63 | I/239/hip_main | 179 |  588.996 |  974.968 |     7367.47 |  359.352089481 | 61.0384639564 |  1.08173680699 |         11042.5569803 |             370.474284892 | 7.84994915483 |  0.0364014059266 | 45.3790178378 |
| 359.38965858 |  60.02360903 |  6.47 | I/239/hip_main | 142 |  627.035 |  976.955 |     9576.07 |  359.400169998 | 60.0392652547 |  1.10946572276 |         16138.9379259 |             375.776315202 | 8.26196241051 |  0.0252629574429 | 45.2726175337 |
