|           RA |          DEC |  Vmag |         Source | idx | source_x | source_y | source_peak |     source_RA |      source_DEC |    source_fwhm | residual_aperture_sum | residual_aperture_sum_err |      instrmag |     instrmag_err |           alt |
| 263.06199676 |  11.93000748 |  6.42 | I/239/hip_main |  48 |  872.911 |  708.035 |     10257.3 | 263.065853661 |   11.9263125187 |  1.06317504723 |         16969.6327381 |              417.04480098 | 8.31645614074 |  0.0266649028914 | 51.0949107085 |
| 263.34517510 |  19.25689917 |  5.65 | I/239/hip_main |  39 |  978.889 |  451.009 |     16934.0 | 263.365727699 |    19.253177109 |  1.10609351271 |         24153.7807351 |              423.20010953 |  8.6997378313 |  0.0190103621406 | 56.8458496992 |
| 263.41413313 |  16.31770553 |  5.68 | I/239/hip_main |  97 |  930.195 |  551.681 |     8263.04 | 263.422646042 |   16.3169199378 |  1.06405280614 |         25617.2220291 |             423.096970062 | 8.76360511352 |  0.0179199841417 | 54.7151412631 |
| 263.65287832 |   9.58672378 |  5.80 | I/239/hip_main |  40 |  815.386 |  779.164 |     14132.6 | 263.661044474 |   9.57585007452 |  1.13743334457 |         29878.1666885 |             435.503324435 | 8.93065989712 |  0.0158149297424 | 49.5527860948 |
| 263.73335321 |  12.56057584 |  2.08 | I/239/hip_main |   0 |  860.087 |  676.114 |     63037.6 | 263.731734139 |   12.5500568957 |  1.76425539244 |         254526.312955 |             642.527096867 | 11.2566067485 | 0.00273897771907 | 51.9861056303 |
| 264.74111526 |  13.32915582 |  6.12 | I/239/hip_main |  94 |  838.671 |  633.975 |     8861.24 | 264.729534126 |   13.3244289077 |  1.04421638172 |         14596.3565612 |             413.610905567 | 8.15288619205 |  0.0307451952587 | 53.1923120677 |
| 265.29582024 |  15.17838782 |  6.34 | I/239/hip_main |  82 |  849.759 |  562.018 |     9909.04 | 265.284385759 |   15.1836826245 |  0.99201941914 |         16419.5955586 |             412.813779473 | 8.28068117136 |  0.0272785617118 | 54.9895359845 |
| 265.49432602 |  15.95217942 |  5.54 | I/239/hip_main |  54 |  855.292 |  532.416 |     13914.5 | 265.491465755 |   15.9591774459 | 0.911241149137 |         32609.7246186 |             432.084818725 | 9.02564286079 |  0.0143764485533 | 55.7191520191 |
| 266.07186946 |  14.41003119 |  6.18 | I/239/hip_main |  77 |  811.663 |  576.056 |     10781.9 | 266.060056213 |   14.4162428601 | 0.986768857694 |          18606.342813 |             420.767147984 | 8.41642757843 |  0.0245363831114 | 54.8435563753 |
| 266.78349746 |  17.69704078 |  5.61 | I/239/hip_main |  21 |  841.107 |  453.044 |     22559.7 | 266.779484036 |   17.7122368913 |  1.02835004377 |           33414.65169 |             433.604153396 | 9.05211737865 |   0.014079467618 | 57.8565852908 |
| 267.10313561 |  20.56542749 |  5.69 | I/239/hip_main |  47 |  877.127 |  350.071 |     16620.4 | 267.110215202 |   20.5765102528 |  1.04369815797 |         28973.1539351 |             423.896521614 | 8.89726446712 |  0.0158742719892 | 60.2221266876 |
| 267.19949521 |  19.25499439 |  6.13 | I/239/hip_main | 101 |  852.779 |  393.725 |     7720.74 | 267.197651052 |   19.2654626183 |  1.10151993938 |          16599.212014 |              410.86465967 | 8.29249371255 |  0.0268559830048 | 59.2980143111 |
| 267.68170518 |  11.94662907 |  6.19 | I/239/hip_main |  72 |  718.157 |  634.253 |     10978.9 | 267.675212942 |    11.935942794 |  1.01519542329 |         18136.9817115 |             417.658138836 | 8.38868757021 |   0.024985363488 |  53.735726346 |
| 267.99360355 |  15.32627417 |  6.43 | I/239/hip_main |  89 |  763.125 |  515.012 |     9481.16 | 267.982438963 |   15.3341536873 |   1.0196043515 |         13220.2557573 |             408.670138482 | 8.04537467511 |  0.0335399789831 | 56.6907850713 |
| 268.55920521 |  11.13095438 |  6.24 | I/239/hip_main |  42 |  675.883 |  647.985 |      9636.8 | 268.547620391 |   11.1090965434 |  1.01793081445 |         11716.2541873 |             411.330896806 | 7.91424699564 |  0.0380918692868 | 53.5090839386 |
| 268.96171591 |  22.46422113 |  5.62 | I/239/hip_main |  52 |  848.881 |  257.082 |     17528.2 | 268.971743693 |   22.4697118806 |  1.11501902461 |         30379.4909994 |              423.31270888 | 8.94872626526 |  0.0151185643348 | 62.7878815688 |
| 270.01425282 |  16.75094481 |  4.67 | I/239/hip_main |  11 |  720.821 |  435.033 |     47324.8 |  270.00901789 |   16.7684861858 |  1.02227910591 |         74135.2803974 |             476.743954746 | 9.91733736878 | 0.00697734180173 | 58.9960614754 |
| 270.11522556 |  19.50578365 |  6.42 | I/239/hip_main | 100 |  763.076 |  340.213 |     7929.63 | 270.119773831 |   19.5291781409 | 0.912081527574 |           14219.06973 |             407.343182343 |  8.1244529925 |  0.0310827192801 | 61.2627824521 |
| 270.23875892 |  15.09379176 |  6.28 | I/239/hip_main |  86 |  685.966 |  487.199 |      9904.9 | 270.237895214 |   15.1034479581 |  1.08912525328 |          17870.272139 |              414.73921762 | 8.37260294814 |  0.0251810407597 | 57.7542324528 |
| 270.37667886 |  21.59568814 |  4.26 | I/239/hip_main |  18 |  789.689 |  265.194 |     49177.1 | 270.383288845 |   21.6136836721 |  1.11882148963 |         116149.110402 |             515.654411863 | 10.4048147521 | 0.00481695498945 | 63.0266060884 |
| 270.59604036 |  20.83364838 |  5.25 | I/239/hip_main |  45 |  769.928 |  287.972 |     22470.0 | 270.600141653 |   20.8491058187 |   1.1937744425 |         36601.4482104 |             435.656465085 | 9.15102070621 |  0.0129144415789 |  62.572313234 |
| 270.62564696 |  22.92324285 |  6.22 | I/239/hip_main |  85 |  803.976 |  216.136 |     10302.0 | 270.638109028 |   22.9292141464 |  1.09485025327 |         16953.6883487 |             409.145418922 | 8.31543552121 |  0.0261844367078 | 64.1686080075 |
| 270.81068909 |  19.61315807 |  6.41 | I/239/hip_main | 103 |    743.0 |    326.0 |     7487.61 |  270.80588288 |   19.6352197304 |  6.11604451432 |         23333.3871115 |             417.495831901 | 8.66221949813 |  0.0194135114396 | 61.7458070641 |
| 271.37553926 |  21.64661981 |  6.18 | I/239/hip_main |  95 |   758.94 |  248.119 |     9913.96 | 271.384638825 |   21.6634522707 |  1.14072952929 |         14164.9438145 |             410.502551362 | 8.12031217308 |  0.0314434899326 | 63.6659057317 |
| 271.50795297 |  22.21889206 |  4.96 | I/239/hip_main |  75 |  764.359 |  226.722 |     13335.4 | 271.518807883 |   22.2288085374 |  1.39577741078 |         49716.4210997 |             445.959587125 | 9.48352467714 | 0.00973252179717 | 64.1788184699 |
| 271.82771923 |  15.94645114 |  8.66 | I/239/hip_main |  74 |  648.021 |  433.854 |     7606.83 | 271.843553371 |   15.9342274317 |  1.27996543566 |         15030.6017344 |             411.566279491 | 8.18471595117 |  0.0297093503733 | 59.3004089435 |
| 271.83830795 |  15.91684491 |  6.68 | I/239/hip_main |  74 |  648.021 |  433.854 |     7606.83 | 271.843553371 |   15.9342274317 |  1.27996543566 |         15030.6017344 |             411.566279491 | 8.18471595117 |  0.0297093503733 | 59.3004089435 |
| 271.85072956 |  15.95667986 |  8.18 | I/239/hip_main |  74 |  648.021 |  433.854 |     7606.83 | 271.843553371 |   15.9342274317 |  1.27996543566 |         15030.6017344 |             411.566279491 | 8.18471595117 |  0.0297093503733 | 59.3004089435 |
| 272.14058047 |  14.28471737 |  6.34 | I/239/hip_main |  63 |  610.724 |  483.961 |     8556.79 |  272.14670995 |   14.2817811768 |   1.0938198293 |         13524.6014721 |             411.890141603 | 8.07008622417 |  0.0330435469438 | 58.0558468245 |
| 272.18955260 |  20.81457203 |  4.37 | I/239/hip_main |  27 |  719.142 |  263.733 |     36347.0 | 272.199997806 |   20.8318803593 |  1.30815134456 |         95498.2819229 |             495.327984876 | 10.1922639285 | 0.00562764955316 |  63.493420627 |
| 272.22024304 |  20.04528382 |  5.10 | I/239/hip_main |  37 |  705.185 |  289.105 |     25446.8 | 272.230903188 |   20.0678972541 |  1.17341242546 |         49813.7752068 |             447.717270882 | 9.48564867401 |   0.009751785262 | 62.9033774151 |
| 272.53636926 |  16.47661734 |  6.09 | I/239/hip_main |  33 |  634.907 |  404.034 |     12163.5 | 272.544995412 |   16.4914163868 |  1.10924701733 |         18651.2308818 |             413.618401299 | 8.41904377805 |  0.0240614664122 | 60.1339514277 |
| 273.31886640 |  21.88020909 |  6.14 | I/239/hip_main | 102 |  701.931 |  209.876 |     7520.69 | 273.331177595 |   21.8940328877 |  1.32944630829 |         15704.2948907 |             407.754574129 | 8.23232113683 |  0.0281715107879 | 64.9784830642 |
| 274.79447741 |  24.44604619 |  5.30 | I/239/hip_main |  65 |    700.8 |  99.3668 |     15205.7 | 274.806628562 |   24.4377442885 |  1.22467570945 |         40472.0704189 |             434.661199705 | 9.26016358764 |  0.0116526631032 | 67.8117414964 |
| 275.07459830 |  21.96144090 |  4.92 | I/239/hip_main |  38 |  648.645 |  179.076 |     20390.9 |  275.09059935 |   21.9739256827 |  1.30032191531 |         52984.1708724 |             449.822162419 | 9.55264038909 | 0.00921137460846 | 66.0201112642 |
| 275.53622172 |  23.28498721 |  5.41 | I/239/hip_main |  62 |  657.545 |  126.995 |     10852.7 | 275.549899125 |   23.2856202757 |  1.40434621473 |         34043.1799621 |             426.747600579 | 9.07235033405 |   0.013600995769 | 67.3281717341 |
| 275.92402821 |  21.77034249 |  3.85 | I/239/hip_main |   5 |  618.841 |  171.805 |     53698.3 | 275.943322841 |   21.7797546771 |  1.44254318162 |         149078.621689 |             546.215493474 | 10.6758134546 | 0.00397537758068 | 66.3153716819 |
| 277.39879328 |  23.86620645 |  5.87 | I/239/hip_main |  87 |  610.731 |  77.1049 |     8515.54 | 277.408610071 |     23.85435354 |  1.30944122093 |         23269.2118997 |              413.80796883 | 8.65922921878 |  0.0192950946562 | 68.7899435505 |
| 278.19227861 |  23.61677633 |  5.88 | I/239/hip_main |  68 |  581.928 |   72.276 |     9341.19 | 278.205113792 |   23.6065890214 |   1.2774936264 |         22901.7712056 |             413.572029492 | 8.64194771163 |  0.0195934911746 | 68.9957630688 |
| 278.87664511 |  23.60552870 |  5.62 | I/239/hip_main |  55 |  560.855 |  61.2518 |     11190.5 | 278.886923846 |    23.592204575 |  1.30626579961 |         29498.1637563 |             421.736114059 | 8.91676248812 |  0.0155122768839 |  69.323111342 |
| 279.39981039 |  -0.30942411 |  5.76 | I/239/hip_main |  50 |  116.998 |  848.751 |     7813.68 | 279.425102546 | -0.318116329955 |  1.49088938498 |         23171.4882816 |             428.598157939 | 8.65465985499 |  0.0200690173939 | 47.4008237416 |
| 281.41554660 |  20.54712356 |  4.19 | I/239/hip_main |  13 |  426.782 |  120.127 |     33848.8 | 281.437866286 |   20.5385915157 |  1.57291627963 |         109169.541862 |             507.895864601 | 10.3375287519 | 0.00504780915713 | 67.7518572452 |
| 283.06846943 |  21.42516648 |  5.43 | I/239/hip_main |  78 |   392.09 |  61.8555 |     8878.53 | 283.074920542 |   21.4013467146 |  1.66685468439 |           36705.96841 |             431.121541479 | 9.15411674879 |  0.0127436188927 | 69.1484453737 |
